Flexible Shaft
9/10/2026 3:05:19 PM
Sample Rate (Hz) = 2000.00
Effective Sample Rate (Hz) = 2000.00
Frequency (Hz)	Current Amplitude (A)	Bode Magnitude (dB)	Bode Phase (deg) 	Voltage (V_Amplitude)	Current (A_Amplitude)	Distal Tach (rad/s_Amplitude)	Motor Tach (rad/s_Amplitude)	Voltage (V_RMS)	Current (A_RMS)	Distal Tach (rad/s_RMS)	Motor Tach (rad/s_RMS)

4.0001	0.6421	-6.6960	-446.9421	1.7308	0.6421	0.8007	0.0361	1.2239	0.4572	0.5655	0.0566
4.0002	0.6383	-6.7464	-87.2593	1.7313	0.6383	0.7962	0.0391	1.2237	0.4584	0.5642	0.0479
4.0008	0.6222	-6.9796	-91.4069	1.7330	0.6222	0.7759	0.0477	1.2245	0.4505	0.5523	0.0535
4.0004	0.6231	-7.0619	-91.7736	1.7328	0.6231	0.7685	0.0379	1.2249	0.4464	0.5608	0.0423
3.9990	0.6365	-6.8953	-92.6229	1.7315	0.6365	0.7828	0.0498	1.2238	0.4578	0.5589	0.0504
4.2004	0.6703	-6.8059	-96.7124	1.7281	0.6703	0.7894	0.0542	1.2092	0.4737	0.5755	0.0515
4.2007	0.6900	-6.4310	-95.9912	1.7260	0.6900	0.8232	0.0519	1.1980	0.4864	0.5924	0.0572
4.1997	0.6861	-6.7124	-99.0102	1.7264	0.6861	0.7971	0.0594	1.2089	0.4753	0.5602	0.0644
4.2010	0.6174	-7.4417	-92.8455	1.7335	0.6174	0.7359	0.0512	1.2308	0.4576	0.5400	0.0613
4.1999	0.6746	-6.7331	-94.9931	1.7276	0.6746	0.7958	0.0489	1.2407	0.4862	0.5440	0.0612
4.4001	0.6723	-6.4562	-100.5132	1.7277	0.6723	0.8216	0.1379	1.2265	0.4825	0.5772	0.1045
4.4000	0.6750	-6.5132	-99.0417	1.7275	0.6750	0.8161	0.1362	1.2211	0.4770	0.5706	0.1036
4.4002	0.6887	-6.2882	-98.6868	1.7260	0.6887	0.8368	0.1388	1.2081	0.4781	0.5924	0.1058
4.4003	0.6839	-6.3345	-98.1692	1.7265	0.6839	0.8326	0.1366	1.2238	0.4831	0.5863	0.1094
4.3998	0.6811	-6.3963	-102.9927	1.7269	0.6811	0.8269	0.1419	1.2239	0.4874	0.5838	0.1057
4.6000	0.6800	-6.0585	-104.6915	1.7269	0.6800	0.8597	0.2353	1.2077	0.4773	0.6151	0.1712
4.5998	0.6730	-6.0569	-105.7297	1.7277	0.6730	0.8602	0.2347	1.2082	0.4736	0.6097	0.1716
4.6002	0.6954	-5.8329	-103.7898	1.7253	0.6954	0.8815	0.2407	1.2223	0.4921	0.6132	0.1709
4.6003	0.6828	-5.9901	-104.0022	1.7266	0.6828	0.8664	0.2347	1.2330	0.4881	0.6052	0.1693
4.5997	0.6673	-6.2122	-105.9261	1.7282	0.6673	0.8452	0.2337	1.2199	0.4740	0.6065	0.1699
4.8001	0.6715	-4.9911	-107.6252	1.7278	0.6715	0.9726	0.3753	1.2349	0.4799	0.6802	0.2680
4.7997	0.6693	-5.0855	-109.3854	1.7281	0.6693	0.9622	0.3717	1.2372	0.4812	0.6702	0.2612
4.8001	0.6661	-5.0930	-107.7156	1.7284	0.6661	0.9616	0.3702	1.2079	0.4737	0.6835	0.2643
4.8000	0.6652	-5.1001	-108.1901	1.7284	0.6652	0.9608	0.3708	1.2050	0.4673	0.6925	0.2706
4.7996	0.6728	-4.9844	-109.5992	1.7276	0.6728	0.9733	0.3786	1.2345	0.4804	0.6845	0.2708
5.0001	0.6876	-2.8206	-112.6194	1.7262	0.6876	1.2476	0.6382	1.2205	0.4896	0.8796	0.4507
5.0003	0.6915	-2.8128	-110.1190	1.7258	0.6915	1.2484	0.6339	1.2201	0.4936	0.8845	0.4495
5.0003	0.6947	-2.7741	-110.5282	1.7255	0.6947	1.2537	0.6349	1.2197	0.4971	0.8913	0.4495
4.9999	0.7114	-2.5650	-111.0763	1.7238	0.7114	1.2830	0.6490	1.2193	0.5005	0.9107	0.4659
5.0003	0.7054	-2.4634	-112.8090	1.7244	0.7054	1.2985	0.6674	1.2190	0.5038	0.9136	0.4661
5.2002	0.6830	-0.3287	-116.7463	1.7270	0.6830	1.6628	1.0614	1.2288	0.4891	1.1778	0.7485
5.1999	0.6919	-0.3942	-114.9562	1.7261	0.6919	1.6495	1.0424	1.2348	0.4979	1.1532	0.7303
5.2000	0.7010	-0.1448	-116.1322	1.7253	0.7010	1.6967	1.0763	1.2208	0.4998	1.1833	0.7523
5.2001	0.6833	-0.3304	-115.3468	1.7270	0.6833	1.6626	1.0566	1.2054	0.4824	1.1791	0.7495
5.1998	0.6860	-0.2969	-117.0678	1.7268	0.6860	1.6688	1.0653	1.2051	0.4807	1.1908	0.7592
5.4002	0.6517	2.7880	-120.3465	1.7303	0.6517	2.3851	1.8232	1.2288	0.4645	1.6724	1.2810
5.3999	0.6464	2.9890	-120.1838	1.7307	0.6464	2.4416	1.8775	1.2215	0.4586	1.7319	1.3345
5.4002	0.6589	2.9954	-120.3795	1.7295	0.6589	2.4417	1.8720	1.2136	0.4651	1.7267	1.3216
5.4001	0.6630	3.2681	-120.8696	1.7291	0.6630	2.5190	1.9395	1.2285	0.4764	1.7686	1.3604
5.4001	0.6670	3.2806	-119.6779	1.7287	0.6670	2.5220	1.9355	1.2195	0.4696	1.7921	1.3794
5.5998	0.4276	7.3843	-156.5989	1.7539	0.4276	4.1042	3.8123	1.2438	0.3096	2.9289	2.7267
5.6004	0.4661	7.0945	-153.9034	1.7503	0.4661	3.9613	3.7803	1.2481	0.3302	2.8333	2.6932
5.5998	0.4369	7.2417	-153.8489	1.7531	0.4369	4.0354	3.7421	1.2482	0.3119	2.8513	2.6539
5.6002	0.4189	6.5743	-153.2248	1.7550	0.4189	3.7411	3.5295	1.2425	0.3001	2.6424	2.4913
5.6001	0.4369	6.5646	-152.0402	1.7530	0.4369	3.7326	3.4453	1.2304	0.3076	2.5926	2.4237
5.8000	0.4807	6.7260	-216.1484	1.7482	0.4807	3.7921	4.0145	1.2504	0.3512	2.7087	2.8727
5.8000	0.5038	6.9090	-214.4872	1.7456	0.5038	3.8672	4.0988	1.2239	0.3563	2.6940	2.8557
5.8001	0.5063	6.9429	-214.7289	1.7456	0.5063	3.8823	4.1177	1.2327	0.3610	2.7795	2.9484
5.8002	0.5047	7.0107	-214.4071	1.7458	0.5047	3.9131	4.1470	1.2422	0.3642	2.7437	2.9052
5.7999	0.5020	7.0175	-214.9206	1.7460	0.5020	3.9167	4.1501	1.2184	0.3533	2.7688	2.9379
6.0001	0.5942	2.7577	-237.5810	1.7360	0.5942	2.3847	2.7922	1.2275	0.4245	1.6854	1.9754
5.9999	0.5992	2.8521	-237.5249	1.7356	0.5992	2.4102	2.8225	1.2275	0.4245	1.7059	1.9945
6.0001	0.5973	2.7618	-238.9123	1.7357	0.5973	2.3854	2.7995	1.2276	0.4236	1.6902	1.9805
6.0000	0.5856	2.7733	-237.6441	1.7369	0.5856	2.3903	2.7937	1.2282	0.4179	1.6890	1.9760
6.0000	0.5915	2.7125	-238.3903	1.7363	0.5915	2.3727	2.7816	1.2277	0.4218	1.6793	1.9696
6.2002	0.5983	-1.2128	-242.3484	1.7355	0.5983	1.5094	1.9464	1.2285	0.4276	1.0691	1.3878
6.2002	0.6033	-1.1781	-243.8494	1.7350	0.6033	1.5149	1.9586	1.2396	0.4343	1.0617	1.3742
6.2000	0.6134	-1.0750	-244.9587	1.7339	0.6134	1.5321	1.9844	1.2176	0.4307	1.0817	1.4020
6.1999	0.6153	-1.0440	-244.6468	1.7337	0.6153	1.5374	1.9900	1.2176	0.4304	1.1002	1.4253
6.2002	0.6097	-1.1137	-244.7313	1.7343	0.6097	1.5256	1.9742	1.2151	0.4309	1.0922	1.4189
6.4002	0.6424	-3.6861	-246.6367	1.7309	0.6424	1.1323	1.6074	1.2186	0.4562	0.8006	1.1442
6.4000	0.6432	-3.7230	-247.7298	1.7308	0.6432	1.1275	1.6052	1.2183	0.4577	0.7940	1.1336
6.4001	0.6471	-3.7206	-247.6973	1.7304	0.6471	1.1275	1.6066	1.2294	0.4654	0.7940	1.1365
6.4000	0.6476	-3.8428	-248.4605	1.7304	0.6476	1.1117	1.5913	1.2259	0.4610	0.7892	1.1317
6.4000	0.6468	-3.8718	-249.8715	1.7305	0.6468	1.1081	1.5890	1.2145	0.4598	0.7944	1.1363
6.6001	0.6266	-6.6389	-252.2135	1.7326	0.6266	0.8068	1.2727	1.2248	0.4407	0.5771	0.9052
6.5996	0.6088	-6.8108	-256.6006	1.7344	0.6088	0.7918	1.2506	1.2332	0.4402	0.5613	0.8868
6.6002	0.6175	-6.6757	-259.2057	1.7335	0.6175	0.8038	1.2697	1.2340	0.4433	0.5702	0.8999
6.6002	0.6301	-6.3445	-257.0637	1.7322	0.6301	0.8344	1.3086	1.2278	0.4495	0.5894	0.9204
6.6000	0.6293	-6.3606	-250.7307	1.7323	0.6293	0.8329	1.3013	1.2141	0.4452	0.5868	0.9247
6.8001	0.6518	-8.2021	-253.5774	1.7300	0.6518	0.6729	1.1532	1.2109	0.4586	0.4754	0.8171
6.8001	0.6534	-8.2896	-256.2726	1.7298	0.6534	0.6660	1.1463	1.2224	0.4619	0.4695	0.8082
6.8001	0.6513	-8.2794	-252.0365	1.7300	0.6513	0.6669	1.1450	1.2304	0.4660	0.4702	0.8103
6.8002	0.6543	-8.2214	-252.0849	1.7296	0.6543	0.6712	1.1509	1.2087	0.4567	0.4771	0.8206
6.8002	0.6385	-8.3831	-248.0846	1.7313	0.6385	0.6595	1.1287	1.2380	0.4566	0.4585	0.7860
7.0002	0.6705	-9.8284	-258.7144	1.7281	0.6705	0.5574	1.0362	1.2219	0.4768	0.3940	0.7344
7.0006	0.6680	-9.8344	-259.5457	1.7284	0.6680	0.5571	1.0369	1.2220	0.4759	0.3941	0.7344
7.0005	0.6923	-9.6153	-251.2512	1.7257	0.6923	0.5704	1.0625	1.2206	0.4890	0.4073	0.7549
7.0006	0.6896	-9.5164	-257.5890	1.7260	0.6896	0.5771	1.0692	1.2201	0.4935	0.4066	0.7547
7.0002	0.6969	-9.5668	-250.0744	1.7253	0.6969	0.5735	1.0687	1.2204	0.4903	0.4044	0.7550
7.2003	0.6962	-11.0553	-255.5250	1.7254	0.6962	0.4832	0.9672	1.2072	0.4885	0.3389	0.6868
7.1999	0.6983	-11.2297	-257.6775	1.7251	0.6983	0.4735	0.9578	1.2101	0.4898	0.3393	0.6860
7.2001	0.7015	-11.0406	-255.3488	1.7248	0.7015	0.4838	0.9710	1.2121	0.4903	0.3371	0.6860
7.2000	0.6941	-11.1523	-256.6911	1.7255	0.6941	0.4779	0.9613	1.2285	0.4953	0.3353	0.6778
7.2001	0.6866	-11.3479	-256.4112	1.7264	0.6866	0.4674	0.9454	1.2084	0.4832	0.3383	0.6848
7.4001	0.6933	-12.5336	-255.6299	1.7256	0.6933	0.4076	0.8790	1.2222	0.4931	0.2804	0.6132
7.4000	0.6905	-12.6546	-254.2267	1.7259	0.6905	0.4021	0.8698	1.2175	0.4895	0.2810	0.6174
7.4002	0.6937	-12.6355	-257.4859	1.7256	0.6937	0.4029	0.8745	1.2243	0.4960	0.2841	0.6194
7.3998	0.7015	-12.5121	-252.6932	1.7248	0.7015	0.4084	0.8830	1.2149	0.4892	0.2858	0.6195
7.4001	0.6914	-12.6639	-258.3260	1.7259	0.6914	0.4016	0.8716	1.2211	0.4938	0.2842	0.6196
7.6000	0.7136	-13.7551	-258.3371	1.7235	0.7136	0.3537	0.8265	1.2100	0.5028	0.2516	0.5885
7.6001	0.7194	-13.6762	-257.6471	1.7229	0.7194	0.3568	0.8329	1.2214	0.5097	0.2508	0.5855
7.6001	0.7146	-13.7076	-257.5185	1.7234	0.7146	0.3556	0.8290	1.2222	0.5063	0.2478	0.5818
7.6001	0.7105	-13.8030	-258.6046	1.7239	0.7105	0.3518	0.8225	1.2203	0.5043	0.2489	0.5814
7.6000	0.7002	-13.8786	-257.4142	1.7249	0.7002	0.3490	0.8137	1.2226	0.4968	0.2447	0.5723
7.8001	0.6901	-15.2013	-257.2165	1.7260	0.6901	0.2999	0.7471	1.2080	0.4835	0.2124	0.5334
7.8000	0.6834	-15.3202	-258.0493	1.7267	0.6834	0.2959	0.7389	1.2234	0.4867	0.2082	0.5231
7.8002	0.6854	-15.2064	-253.2875	1.7265	0.6854	0.2998	0.7440	1.2324	0.4898	0.2062	0.5191
7.8002	0.6877	-15.1925	-252.0899	1.7262	0.6877	0.3002	0.7459	1.2136	0.4834	0.2108	0.5289
7.8001	0.6874	-15.2181	-254.9454	1.7263	0.6874	0.2994	0.7450	1.2117	0.4839	0.2107	0.5283
8.0003	0.6663	-16.6731	-260.0309	1.7285	0.6663	0.2535	0.6766	1.2218	0.4775	0.1821	0.4860
8.0002	0.6707	-16.5621	-260.6909	1.7280	0.6707	0.2567	0.6828	1.2219	0.4765	0.1814	0.4852
8.0001	0.6803	-16.4825	-252.5017	1.7271	0.6803	0.2589	0.6895	1.2211	0.4841	0.1845	0.4914
8.0002	0.6936	-16.3027	-259.9338	1.7257	0.6936	0.2641	0.7030	1.2202	0.4928	0.1874	0.4991
7.9999	0.6979	-16.2402	-258.3607	1.7252	0.6979	0.2660	0.7071	1.2201	0.4930	0.1870	0.4989
8.2002	0.6889	-17.4004	-259.9945	1.7262	0.6889	0.2328	0.6583	1.2092	0.4857	0.1674	0.4732
8.2002	0.6941	-17.3400	-260.2083	1.7257	0.6941	0.2344	0.6628	1.2168	0.4897	0.1655	0.4706
8.2000	0.6988	-17.2788	-261.0662	1.7252	0.6988	0.2360	0.6672	1.2300	0.4986	0.1645	0.4671
8.2001	0.6958	-17.3056	-260.4241	1.7254	0.6958	0.2353	0.6647	1.2261	0.4968	0.1648	0.4695
8.2000	0.7064	-17.1774	-260.2724	1.7243	0.7064	0.2386	0.6740	1.2116	0.4956	0.1681	0.4784
8.4000	0.6714	-18.5689	-260.3644	1.7280	0.6714	0.2038	0.6105	1.2192	0.4736	0.1445	0.4322
8.4001	0.6613	-18.6743	-260.9653	1.7291	0.6613	0.2014	0.6038	1.2162	0.4659	0.1425	0.4290
8.4001	0.6640	-18.6447	-260.3969	1.7289	0.6640	0.2021	0.6057	1.2262	0.4709	0.1418	0.4269
8.4001	0.6628	-18.6831	-261.5499	1.7289	0.6628	0.2012	0.6040	1.2238	0.4713	0.1420	0.4284
8.4000	0.6666	-18.6643	-262.2900	1.7286	0.6666	0.2016	0.6060	1.2159	0.4688	0.1447	0.4316
8.6000	0.6567	-19.7462	-263.6424	1.7295	0.6567	0.1781	0.5680	1.2146	0.4684	0.1288	0.4103
8.6001	0.6604	-19.6895	-261.9559	1.7291	0.6604	0.1792	0.5713	1.2169	0.4678	0.1287	0.4088
8.6001	0.6726	-19.5056	-259.9021	1.7279	0.6726	0.1829	0.5820	1.2222	0.4776	0.1285	0.4114
8.6000	0.6757	-19.4689	-261.6328	1.7276	0.6757	0.1837	0.5849	1.2276	0.4831	0.1294	0.4127
8.6000	0.6771	-19.4735	-260.0868	1.7275	0.6771	0.1835	0.5844	1.2273	0.4833	0.1296	0.4140
8.8001	0.6921	-20.1846	-261.1428	1.7259	0.6921	0.1690	0.5679	1.2168	0.4896	0.1194	0.4035
8.8001	0.6947	-20.1521	-261.5332	1.7256	0.6947	0.1696	0.5694	1.2120	0.4882	0.1206	0.4058
8.8001	0.6939	-20.1743	-262.0614	1.7257	0.6939	0.1691	0.5680	1.2307	0.4969	0.1188	0.4003
8.8001	0.6926	-20.1880	-261.6572	1.7259	0.6926	0.1689	0.5680	1.2102	0.4859	0.1200	0.4048
8.8000	0.6786	-20.3479	-263.6411	1.7274	0.6786	0.1660	0.5588	1.2216	0.4826	0.1177	0.3978
9.0002	0.6848	-21.1444	-262.4101	1.7267	0.6848	0.1514	0.5355	1.2210	0.4850	0.1067	0.3810
9.0001	0.6856	-21.1382	-263.2458	1.7266	0.6856	0.1515	0.5359	1.2209	0.4861	0.1072	0.3823
9.0002	0.6846	-21.1641	-262.2707	1.7267	0.6846	0.1510	0.5348	1.2209	0.4860	0.1071	0.3825
9.0001	0.6829	-21.1763	-261.9775	1.7268	0.6829	0.1508	0.5339	1.2211	0.4835	0.1065	0.3796
9.0000	0.6784	-21.2275	-263.2653	1.7273	0.6784	0.1500	0.5317	1.2213	0.4824	0.1070	0.3791
9.2002	0.6837	-21.9764	-263.1517	1.7268	0.6837	0.1375	0.5105	1.2164	0.4826	0.0975	0.3646
9.2000	0.6895	-21.9181	-263.7809	1.7262	0.6895	0.1384	0.5148	1.2197	0.4892	0.0986	0.3671
9.2003	0.6843	-21.9823	-263.1668	1.7268	0.6843	0.1374	0.5110	1.2276	0.4917	0.0969	0.3636
9.2001	0.6886	-21.9400	-264.6468	1.7263	0.6886	0.1381	0.5141	1.2113	0.4877	0.0999	0.3710
9.2001	0.6926	-21.8807	-263.8890	1.7260	0.6926	0.1390	0.5171	1.2295	0.4945	0.0982	0.3651
9.4001	0.6821	-22.7661	-263.0316	1.7270	0.6821	0.1256	0.4888	1.2259	0.4846	0.0878	0.3458
9.4001	0.6869	-22.7304	-264.5303	1.7265	0.6869	0.1261	0.4918	1.2255	0.4900	0.0892	0.3488
9.4000	0.6928	-22.6856	-265.7648	1.7260	0.6928	0.1267	0.4947	1.2251	0.4930	0.0899	0.3519
9.4001	0.6838	-22.7921	-263.7696	1.7270	0.6838	0.1252	0.4888	1.2259	0.4858	0.0886	0.3478
9.4000	0.6747	-22.8988	-265.8545	1.7279	0.6747	0.1238	0.4833	1.2257	0.4819	0.0888	0.3452
9.6002	0.6839	-23.5412	-262.8856	1.7269	0.6839	0.1149	0.4685	1.2193	0.4819	0.0836	0.3352
9.6001	0.6769	-23.6395	-265.3688	1.7277	0.6769	0.1136	0.4645	1.2214	0.4825	0.0819	0.3330
9.6001	0.6819	-23.5878	-265.0975	1.7271	0.6819	0.1143	0.4669	1.2195	0.4838	0.0829	0.3352
9.6001	0.6820	-23.5702	-263.8476	1.7271	0.6820	0.1145	0.4680	1.2209	0.4857	0.0818	0.3350
9.5999	0.6850	-23.5525	-266.1391	1.7268	0.6850	0.1147	0.4692	1.2188	0.4869	0.0834	0.3387
9.8001	0.7038	-24.0611	-265.3497	1.7249	0.7038	0.1081	0.4617	1.2284	0.5024	0.0760	0.3258
9.8001	0.7000	-24.0999	-265.2223	1.7252	0.7000	0.1076	0.4595	1.2260	0.4993	0.0758	0.3253
9.8001	0.7045	-24.0602	-265.8724	1.7248	0.7045	0.1081	0.4622	1.2278	0.5022	0.0764	0.3270
9.8001	0.7124	-23.9562	-266.1609	1.7239	0.7124	0.1093	0.4671	1.2257	0.5051	0.0765	0.3286
9.7999	0.6703	-24.4516	-268.0472	1.7283	0.6703	0.1035	0.4424	1.2268	0.4841	0.0737	0.3171
10.0000	0.7348	-24.5078	-264.4803	1.7215	0.7348	0.1025	0.4582	1.2173	0.5215	0.0736	0.3282
9.9998	0.7315	-24.5478	-265.6615	1.7218	0.7315	0.1020	0.4564	1.2174	0.5202	0.0736	0.3261
10.0000	0.7401	-24.4376	-264.4965	1.7209	0.7401	0.1032	0.4613	1.2169	0.5245	0.0732	0.3302
10.0000	0.7453	-24.3838	-265.6806	1.7205	0.7453	0.1039	0.4643	1.2166	0.5278	0.0735	0.3312
10.0001	0.7406	-24.4329	-265.1993	1.7209	0.7406	0.1033	0.4621	1.2168	0.5256	0.0734	0.3301
