Flexible Shaft
9/10/2026 3:15:09 PM
Sample Rate (Hz) = 2000.00
Effective Sample Rate (Hz) = 2000.00
Frequency (Hz)	Current Amplitude (A)	Bode Magnitude (dB)	Bode Phase (deg) 	Voltage (V_Amplitude)	Current (A_Amplitude)	Distal Tach (rad/s_Amplitude)	Motor Tach (rad/s_Amplitude)	Voltage (V_RMS)	Current (A_RMS)	Distal Tach (rad/s_RMS)	Motor Tach (rad/s_RMS)

5.0002	0.6960	-3.3289	-108.9075	1.7261	0.6960	1.1766	0.6122	1.2206	0.4939	0.8335	0.4378
5.1000	0.6950	-2.1540	-110.8003	1.7262	0.6950	1.3470	0.7911	1.2193	0.4913	0.9586	0.5650
5.2002	0.6606	-1.3585	-115.0740	1.7299	0.6606	1.4795	0.9298	1.2342	0.4707	1.0471	0.6619
5.3000	0.6508	0.0921	-119.6032	1.7309	0.6508	1.7494	1.2367	1.2379	0.4724	1.2223	0.8612
5.4001	0.6470	2.3992	-120.6063	1.7315	0.6470	2.2824	1.7672	1.2311	0.4614	1.6034	1.2438
5.4999	0.6145	5.3473	-132.6052	1.7355	0.6145	3.2121	2.7678	1.2247	0.4355	2.2700	1.9602
5.6001	0.4959	9.0084	-161.1416	1.7476	0.4959	4.9301	4.6957	1.2404	0.3527	3.5167	3.3469
5.7002	0.4600	8.5005	-192.3024	1.7506	0.4600	4.6581	4.6803	1.2528	0.3306	3.3374	3.3445
5.8000	0.5111	7.0045	-217.3239	1.7455	0.5111	3.9097	4.1045	1.2496	0.3670	2.7848	2.9195
5.9000	0.5659	4.7825	-224.9216	1.7398	0.5659	3.0173	3.3396	1.2334	0.4049	2.1430	2.3825
5.9999	0.6551	3.2608	-238.5752	1.7304	0.6551	2.5188	3.0258	1.2236	0.4644	1.7799	2.1384
6.1001	0.6765	1.4035	-243.1118	1.7281	0.6765	2.0311	2.5692	1.2300	0.4841	1.4250	1.8041
6.2000	0.6608	-0.4116	-247.3610	1.7296	0.6608	1.6495	2.1407	1.2367	0.4728	1.1599	1.5042
6.2996	0.6482	-2.2341	-245.1430	1.7310	0.6482	1.3384	1.8654	1.2292	0.4665	0.9305	1.3014
6.4002	0.6793	-3.5222	-245.9722	1.7276	0.6793	1.1517	1.6610	1.2187	0.4841	0.8119	1.1799
6.4999	0.6686	-4.6008	-242.8087	1.7287	0.6686	1.0179	1.5167	1.2222	0.4741	0.6982	1.0579
6.6002	0.7015	-5.7089	-252.0804	1.7253	0.7015	0.8942	1.4155	1.2289	0.4963	0.6287	0.9942
6.7002	0.6986	-6.7486	-253.7005	1.7256	0.6986	0.7934	1.3034	1.2256	0.4982	0.5606	0.9227
6.7999	0.6443	-8.5009	-259.2461	1.7313	0.6443	0.6506	1.1233	1.2172	0.4556	0.4664	0.8019
6.9000	0.6538	-9.2552	-253.2619	1.7303	0.6538	0.5962	1.0684	1.2154	0.4649	0.4181	0.7532
7.0001	0.6547	-10.1657	-249.6288	1.7302	0.6547	0.5368	1.0032	1.2236	0.4670	0.3757	0.7067
